68.70110585	15.6953418
68.70230534	15.69781837
68.70827236	15.68749176
68.71455611	15.6745522
68.7212191	15.65900809
68.72822335	15.64712304
68.73366325	15.64127463
68.7414132	15.6434984
68.74619773	15.650258
68.74639312	15.64395127
68.746585	15.63021643
68.74874652	15.61650682
68.74563762	15.59929005
68.74008072	15.58339345
68.73819169	15.56897625
68.73796712	15.5565705
68.73697414	15.53567676
68.73330029	15.52236276
68.73055024	15.5219015
68.73171942	15.51034626
68.73522304	15.50125046
68.74013769	15.49987267
68.74277292	15.48602631
68.74316696	15.48466543
68.75027707	15.47517062
68.75230001	15.45714295
68.75408125	15.45040219
68.76038501	15.45045528
68.76730572	15.45410753
68.77449681	15.45328059
68.7777189	15.46050332
68.78055821	15.47028257
68.78533012	15.47080595
68.78980568	15.46392547
68.79261018	15.45435218
68.79638838	15.45889687
68.80055055	15.45584293
68.80519806	15.4588916
68.80900304	15.45217651
68.81444625	15.4468708
68.81694585	15.45927291
68.81600566	15.47580002
68.81836574	15.4907784
68.81969812	15.50226945
68.81405434	15.51449114
68.80619837	15.52112568
68.80341865	15.53189813
68.80566468	15.53749947
68.81144805	15.53526137
68.81916816	15.53057224
68.82236203	15.53717565
68.82514354	15.54513567
68.8268358	15.56030277
68.82452724	15.57097352
68.82402732	15.58235513
68.82158489	15.60120467
68.8205068	15.61525701
68.81741641	15.63549507
68.81728519	15.65678515
68.81763827	15.66671345
68.82080706	15.66021392
68.82542134	15.65017887
68.82986524	15.64830455
68.83208842	15.62891951
68.83269397	15.6149661
68.83547718	15.60482133
68.83708259	15.59308527
68.83919425	15.58310554
68.84119662	15.57627151
68.8472541	15.56893926
68.85072259	15.55922827
68.85539555	15.5453764
68.86017114	15.53964778
68.86700147	15.54147438
68.87172662	15.54702684
68.87900339	15.55435518
68.88617071	15.55924477
68.89053558	15.5674108
68.89000546	15.58324268
68.88630972	15.59997954
68.88889825	15.60867196
68.89344691	15.59797668
68.89750148	15.59117344
68.90267654	15.59036439
68.90767696	15.59772002
68.91295249	15.59374952
68.91592509	15.59478566
68.91997611	15.60055674
68.92536712	15.59967163
68.92931325	15.6023397
68.93217655	15.6128595
68.93733964	15.61829437
68.94375769	15.62720463
68.94789427	15.63547878
68.95006116	15.62670373
68.95178887	15.61805306
68.95706151	15.62033046
68.95786723	15.63015229
68.95879018	15.6431445
68.9592855	15.65682946
68.96309544	15.67463813
68.96573013	15.69153742
68.96454076	15.70256462
68.96954276	15.70999684
68.97247845	15.71611894
68.97187366	15.73074855
68.96770336	15.74068778
68.96223604	15.73844279
68.95801342	15.74087063
68.95645354	15.74758182
68.95692268	15.74778118
68.95837144	15.75084455
68.96011776	15.76166119
68.95828995	15.76719714
68.95426272	15.77461552
68.95370684	15.78420334
68.95386717	15.78917922
68.95604006	15.79928334
68.96025702	15.81637037
68.96520991	15.8351726
68.96945614	15.85351459
68.96948489	15.86734984
68.96865451	15.88772447
68.96684662	15.90079838
68.9604252	15.90501713
68.95448063	15.90850004
68.94712362	15.91108988
68.93812158	15.90535468
68.92853541	15.90222447
68.92006425	15.90575212
68.91628879	15.91430077
68.91000607	15.92097558
68.90559125	15.93033082
68.89953378	15.94449033
68.89395162	15.95283772
68.88851114	15.94551655
68.87725588	15.93973768
68.87281063	15.93527224
68.86767659	15.93037462
68.86745183	15.93044391
68.86075303	15.92532997
68.85103838	15.91914137
68.84048136	15.91380119
68.82850523	15.90636324
68.81686407	15.89695836
68.80458865	15.88772075
68.79317203	15.87766191
68.78461922	15.86495781
68.77839081	15.84853324
68.77420032	15.83280868
68.76744544	15.8265322
68.76528394	15.81649421
68.76236209	15.8103997
68.7536142	15.80591792
68.74874788	15.7898022
68.74489097	15.77027839
68.74325104	15.75638176
68.74019624	15.75284356
68.73810968	15.76338664
68.74047189	15.77893509
68.74172085	15.7953995
68.74394348	15.80666834
68.74558903	15.82115378
68.74788823	15.82927385
68.75289155	15.82980814
68.75852729	15.83577855
68.7620591	15.85292096
68.76669439	15.86912966
68.77289664	15.884326
68.77356082	15.8972528
68.77472369	15.91128218
68.77683988	15.92007374
68.78503262	15.92228621
68.79014319	15.93277765
68.79458985	15.93661918
68.79961202	15.93964118
68.79895074	15.95170134
68.7968969	15.96472874
68.79628631	15.97987363
68.79572434	15.98310109
68.79016813	15.98518104
68.78114766	15.9919429
68.77503275	15.99790182
68.76833279	15.99342003
68.76164331	15.9889222
68.75159075	15.99155915
68.74200191	15.99469566
68.73553394	15.99076283
68.73050197	15.98272185
68.72427486	15.98437497
68.71897636	15.98139205
68.71338528	15.97665263
68.70800452	15.9712099
68.70178065	15.95418296
68.69324668	15.94274454
68.68622129	15.93529321
68.67992005	15.91641646
68.67349794	15.90754994
68.6683569	15.90207544
68.66510864	15.88681904
68.66091589	15.87736455
68.65713819	15.88458997
68.65416625	15.87730788
68.65310657	15.86020823
68.65319641	15.84405698
68.65038335	15.82867443
68.64677755	15.81596988
68.64096989	15.79211593
68.63261058	15.76707523
68.62760789	15.76037394
68.62266441	15.76109736
68.61941302	15.75205734
68.61635687	15.76090705
68.61194339	15.7701713
68.60333203	15.77497758
68.59218943	15.77919263
68.58241319	15.78369363
68.5764968	15.78837259
68.57029566	15.79188526
68.56607379	15.78125235
68.56291029	15.76234323
68.56063081	15.74936792
68.56213131	15.74091707
68.56040972	15.73705512
68.55776569	15.73900514
68.55187798	15.73811605
68.54380115	15.72733665
68.53729132	15.70995666
68.53382376	15.71335618
68.53429506	15.72681926
68.53485483	15.73591966
68.53785053	15.74375181
68.54398903	15.75074932
68.55099412	15.76309239
68.55610541	15.77345275
68.55896776	15.78441795
68.55973836	15.79347847
68.56226682	15.80083382
68.56390859	15.80842742
68.56651906	15.80586581
68.56868653	15.80961825
68.57141413	15.81014754
68.57515687	15.81408882
68.57891276	15.81184003
68.58202262	15.8097914
68.58694225	15.80288932
68.59149808	15.80352677
68.59813415	15.80609527
68.60391362	15.80331424
68.6082961	15.80087367
68.61246425	15.80286406
68.61690944	15.79487549
68.61957972	15.79354338
68.62227282	15.79961215
68.62625013	15.81649765
68.62968929	15.83665998
68.63441798	15.85525072
68.63624896	15.875242
68.63602239	15.88769277
68.64011078	15.88847797
68.64163507	15.8806188
68.64429873	15.88551025
68.64874582	15.89673826
68.65430671	15.91326523
68.66197281	15.93854223
68.66853071	15.9585411
68.673495	15.97153537
68.67722581	15.98112022
68.67844013	15.99072989
68.67883568	15.9918679
68.67838966	15.99569943
68.67760969	15.99900693
68.67435935	16.00233634
68.67327362	16.01071194
68.67491939	16.01899511
68.67388941	16.02793104
68.66961225	16.03524402
68.661274	16.04233268
68.65180796	16.04852234
68.64319444	16.04700889
68.63930789	16.03934063
68.63849643	16.04884275
68.6389415	16.06177278
68.63827469	16.06872669
68.64207728	16.07396729
68.64733002	16.07635703
68.6516676	16.08455449
68.65591703	16.07600909
68.65861573	16.06972867
68.66194603	16.07446806
68.66444636	16.06884653
68.67019433	16.07110504
68.67394806	16.06268328
68.6773658	16.0506173
68.67997539	16.04126019
68.68458297	16.01830775
68.68853226	16.01481476
68.69486331	16.01441517
68.6997808	16.02680887
68.70575375	16.0364642
68.71419387	16.03926099
68.72166624	16.03982354
68.72900394	16.04350497
68.73542129	16.04621328
68.7416944	16.04457894
68.74783822	16.05357933
68.75053315	16.06597449
68.748862	16.08259909
68.74283372	16.10470858
68.73867215	16.12757254
68.73703098	16.15287385
68.73631337	16.17235236
68.73964444	16.19081421
68.73986366	16.2038527
68.73752828	16.22185489
68.73942596	16.23757124
68.74028348	16.2497877
68.74295072	16.2553596
68.74637013	16.24953489
68.74953526	16.23689604
68.75350399	16.23404781
68.75791882	16.23790231
68.76127921	16.2308497
68.76433825	16.21387126
68.76669959	16.20393909
68.77144588	16.18340197
68.77481176	16.16258226
68.77886813	16.14909053
68.78422518	16.14147707
68.78822454	16.12612386
68.79023127	16.11189483
68.79544577	16.1061799
68.80103831	16.09785877
68.80817208	16.08853606
68.81570417	16.07785328
68.82264289	16.07730538
68.82745563	16.08545158
68.83001002	16.09416957
68.84023269	16.10342109
68.8470657	16.11856975
68.84801275	16.13329753
68.85050691	16.15334301
68.85587338	16.16512195
68.86303849	16.17705758
68.86676294	16.18737384
68.86767599	16.2015426
68.86587436	16.22202682
68.86328968	16.24646967
68.86112199	16.2620356
68.85434188	16.27562401
68.84670109	16.28378959
68.83636753	16.29886858
68.83198409	16.31620003
68.83117353	16.32578351
68.83348157	16.33458945
68.8329566	16.3356613
68.83692837	16.33624199
68.84136936	16.33450053
68.84815125	16.32785525
68.85531391	16.31918286
68.86306739	16.30848274
68.86978821	16.29993485
68.8793169	16.28817478
68.88501517	16.26919357
68.88595966	16.24954083
68.88754055	16.23662006
68.89101424	16.23886168
68.89687626	16.23867392
68.90276363	16.23967
68.90684521	16.24741616
68.91186994	16.24867683
68.91209922	16.24924869
68.9157034	16.24903336
68.91987286	16.2523151
68.92173731	16.253733
68.92034818	16.25972321
68.9209899	16.26583526
68.9221772	16.26806092
68.91843245	16.27085629
68.9182357	16.27091396
68.91637449	16.276385
68.91098104	16.28404049
68.90265581	16.284234
68.89568083	16.29162707
68.89009331	16.30677052
68.88501456	16.32435112
68.87884554	16.3421441
68.87195941	16.3526118
68.86857191	16.36659186
68.86365378	16.38160572
68.8582856	16.39730038
68.85601464	16.41783796
68.85420788	16.43143197
68.85804124	16.44614913
68.86040515	16.45681777
68.85901139	16.46967922
68.85342948	16.4779169
68.84801233	16.48546674
68.84278589	16.49110328
68.83267896	16.48540392
68.82737117	16.48105656
68.82304263	16.48645943
68.82173528	16.50239108
68.82068064	16.51202016
68.81743159	16.51651498
68.82023515	16.52711692
68.82309281	16.53828749
68.82928603	16.54243863
68.83598658	16.54711054
68.84012367	16.55673134
68.83921221	16.57132419
68.83595666	16.5896005
68.83123684	16.59007822
68.82682232	16.5861345
68.82459575	16.57230684
68.82156967	16.5548951
68.81592527	16.54748703
68.80706901	16.54522804
68.79870675	16.53723034
68.79136653	16.5333376
68.78867879	16.54082743
68.79056135	16.54414466
68.79620158	16.54405117
68.80200635	16.5489188
68.8037365	16.5609774
68.80326414	16.57543968
68.80165275	16.58891426
68.79942791	16.59631075
68.79584354	16.59028262
68.78972974	16.58920943
68.78578886	16.58642859
68.78231669	16.59036332
68.78045257	16.5814411
68.77667581	16.58293631
68.77456392	16.57222034
68.77692328	16.56170315
68.77145061	16.55984931
68.76353968	16.5661103
68.75972995	16.57385125
68.75795559	16.57550328
68.75209195	16.56070405
68.75012091	16.5624114
68.74562116	16.57030116
68.74067806	16.5702657
68.73739641	16.57411155
68.73525908	16.5628201
68.72959404	16.55479738
68.72562168	16.54331141
68.72228377	16.55156166
68.72414695	16.56789548
68.73089716	16.57563375
68.73378483	16.58120843
68.73492792	16.58840222
68.7297568	16.58958372
68.72414487	16.58965906
68.71864563	16.59406564
68.71570599	16.58667084
68.71117471	16.58585409
68.70403085	16.58069826
68.69909303	16.58126919
68.69733992	16.57605299
68.69686565	16.56807714
68.69505747	16.56106573
68.69111804	16.55704542
68.68928322	16.54878688
68.68608657	16.54767015
68.68486404	16.56655104
68.68430845	16.57725909
68.68347524	16.58676301
68.67812131	16.58861028
68.67564337	16.60285629
68.67370333	16.60517791
68.66736868	16.59798531
68.66542264	16.58664414
68.65953733	16.5849179
68.65681466	16.59175939
68.64961693	16.58537596
68.64589587	16.57445822
68.6398388	16.56846089
68.63133322	16.56362077
68.62598051	16.55003056
68.61917252	16.54235485
68.61511178	16.52101534
68.61430866	16.50203167
68.6103327	16.49801614
68.60869532	16.49653711
68.60180877	16.49879187
68.59436153	16.50611665
68.58819919	16.50387398
68.58150068	16.50606465
68.57946954	16.52015289
68.57691376	16.51826239
68.57267028	16.5112576
68.56719499	16.50946132
68.56555526	16.49378908
68.56316275	16.475208
68.55880205	16.45896208
68.55927408	16.44586235
68.56203063	16.43347526
68.56716861	16.41745101
68.57036508	16.39814008
68.57002474	16.38031269
68.57044308	16.35919136
68.5699751	16.32349652
68.57013947	16.32281984
68.56233392	16.30498343
68.55594205	16.29481171
68.55483124	16.28211671
68.55791304	16.26653719
68.56266549	16.25360591
68.56502152	16.24316175
68.56141725	16.22304769
68.55577397	16.20964958
68.55124692	16.19532494
68.54404879	16.18293941
68.53769365	16.16846631
68.53194222	16.1588052
68.53138235	16.14229336
68.53232794	16.12292994
68.5379945	16.11779614
68.5443791	16.11928019
68.55110323	16.11879255
68.55530114	16.10910975
68.55783248	16.08374102
68.55249203	16.08015966
68.54840936	16.09233736
68.54436108	16.1056805
68.54024836	16.11106401
68.53508155	16.11175157
68.53013717	16.1056057
68.52455159	16.10085576
68.52324179	16.10180361
68.52088215	16.11228679
68.51629594	16.11648563
68.51387973	16.11834949
68.51302186	16.10624283
68.51607443	16.09682063
68.51160676	16.09181329
68.50407889	16.08941646
68.49791005	16.08049459
68.49305029	16.07062927
68.48910398	16.08026591
68.48459909	16.08080171
68.47954976	16.07160295
68.47618242	16.07186334
68.47474076	16.06917291
68.47165676	16.05824825
68.46581904	16.04006199
68.46027159	16.02917172
68.45635336	16.02033508
68.45354262	16.01182608
68.44965702	16.00361154
68.44140732	16.00018573
68.43487996	16.00065014
68.42771229	15.99510196
68.41838163	15.99321371
68.40954153	15.99240735
68.4060949	15.98350111
68.40292881	15.96466282
68.39501194	15.95076412
68.39442945	15.94110135
68.3962949	15.93632961
68.39398801	15.92894201
68.39543088	15.91814662
68.39381593	15.91183122
68.39262635	15.91580492
68.39006955	15.90728497
68.38448632	15.90262123
68.38356421	15.89609074
68.38373591	15.88131939
68.38221036	15.87070071
68.3845691	15.86088233
68.38462014	15.84983386
68.38459469	15.84922445
68.38881489	15.84748794
68.394153	15.84547662
68.39685163	15.85151722
68.40134472	15.85646013
68.40532096	15.85480664
68.41043386	15.8651463
68.41231844	15.8603274
68.41551789	15.86194871
68.42140315	15.86837189
68.42782119	15.87160514
68.43374001	15.86638022
68.43931972	15.86490716
68.44701765	15.87211287
68.45385004	15.87951925
68.46190238	15.88418003
68.46757469	15.88515186
68.46943652	15.87418918
68.47413085	15.8723532
68.47981987	15.87392981
68.48468094	15.87756704
68.49032019	15.8773242
68.4962385	15.87268494
68.50160515	15.87066356
68.50910289	15.87236898
68.51401677	15.86489912
68.5121887	15.85798215
68.50946031	15.85687529
68.50451782	15.85814945
68.49651567	15.86151249
68.49029685	15.86438695
68.48438301	15.8628809
68.48257615	15.86273145
68.48023772	15.86025844
68.47707573	15.86049512
68.47665355	15.86122146
68.46740334	15.86734085
68.4626319	15.85998072
68.45565689	15.86060012
68.44929277	15.85983233
68.4435162	15.84966397
68.43812254	15.84372134
68.43478979	15.83290885
68.43521017	15.81988819
68.43712747	15.81016192
68.43770793	15.80140495
68.4422391	15.7958851
68.44737148	15.79391378
68.45398543	15.78968597
68.45949126	15.77959872
68.46143213	15.76492583
68.45837718	15.7614341
68.45437758	15.76990336
68.45101138	15.7763228
68.44731894	15.77363335
68.44295934	15.77848683
68.43867785	15.79068562
68.4340684	15.80050649
68.43329579	15.8099711
68.42973864	15.81212315
68.42857009	15.82349343
68.42426539	15.82280506
68.41984988	15.82518057
68.41518222	15.82152926
68.41059312	15.82519373
68.40612713	15.82024612
68.40512572	15.81128769
68.40565064	15.80806702
68.40840273	15.79630135
68.40370481	15.79080595
68.40220642	15.78751732
68.40365639	15.78343778
68.40785092	15.78048279
68.41259781	15.7687635
68.4172378	15.76571238
68.42482293	15.76921046
68.43209738	15.77094409
68.43581619	15.76810835
68.43390832	15.75936767
68.42762308	15.75371069
68.42012486	15.74649542
68.41417773	15.73151335
68.41043233	15.7282111
68.40395852	15.72995038
68.39786986	15.7303715
68.39470951	15.74287132
68.38959519	15.74486071
68.38547939	15.73738484
68.38284507	15.71477841
68.38032024	15.6952129
68.38009222	15.68302257
68.38012265	15.67196997
68.37534664	15.67693888
68.37284337	15.68866597
68.3702365	15.69179149
68.37317475	15.70388239
68.37237699	15.71821013
68.36984375	15.71766083
68.36709695	15.70369802
68.3618945	15.70388712
68.35737659	15.70384626
68.35248761	15.70517804
68.34948065	15.69741222
68.3445628	15.69321457
68.34195073	15.68352615
68.33745582	15.67799066
68.33523407	15.67920515
68.33559315	15.67053545
68.33770482	15.6608046
68.33489417	15.65177788
68.33381335	15.64103599
68.3312594	15.63257855
68.32873235	15.63752846
68.32751175	15.62930578
68.32287233	15.63180544
68.3198439	15.64788065
68.31328168	15.64724245
68.31078678	15.64667548
68.31026008	15.63277707
68.30975667	15.61333929
68.31292452	15.60146883
68.31286324	15.58252595
68.31042478	15.57158257
68.31353369	15.57009076
68.31653809	15.57174936
68.31539706	15.55982871
68.31695071	15.55265062
68.32059091	15.55960108
68.32303342	15.56442596
68.32572862	15.56428132
68.32589808	15.58018272
68.32742339	15.59077039
68.32984112	15.58948496
68.33036537	15.57955217
68.33281131	15.57277196
68.3331221	15.56227364
68.33550552	15.55427013
68.33464987	15.54348871
68.3377857	15.53649691
68.33536951	15.52677059
68.33492536	15.51463986
68.33581233	15.50275833
68.33956415	15.50047795
68.34480991	15.48983698
68.34825564	15.49133773
68.35378743	15.49469479
68.35584601	15.48370351
68.35233733	15.47425789
68.34623096	15.46860951
68.34142423	15.46628132
68.34103711	15.45598582
68.34495519	15.44692052
68.34484362	15.43779027
68.34898181	15.43966727
68.35367166	15.43895933
68.35386597	15.43217072
68.3502326	15.43134089
68.34683738	15.43170603
68.34864425	15.42507236
68.35122753	15.41637195
68.35336404	15.40717518
68.35758819	15.40598002
68.35631238	15.39652291
68.35483953	15.3871312
68.35484224	15.38164572
68.35014985	15.37682893
68.34911821	15.36180452
68.34531269	15.35125708
68.34580717	15.33520064
68.34945081	15.32433401
68.35105795	15.31348181
68.35536777	15.30856036
68.36089561	15.31125177
68.36397529	15.3208061
68.36173191	15.33247571
68.36078372	15.34255826
68.3658137	15.35030059
68.36956289	15.3596643
68.37150792	15.35114203
68.37344851	15.34875006
68.3771705	15.357508
68.38184251	15.35556034
68.38531693	15.35765264
68.38778188	15.37475631
68.39606146	15.38466294
68.40279138	15.3950307
68.40639778	15.41184647
68.40859071	15.42778295
68.4135909	15.44665072
68.42064904	15.46556148
68.42850872	15.48242859
68.43453592	15.486248
68.43995971	15.48598422
68.44739911	15.49188905
68.45359424	15.50060174
68.45676183	15.506502
68.45653904	15.5065508
68.45676183	15.506502
68.45718237	15.51130828
68.46156894	15.51990862
68.46715063	15.53007969
68.47390627	15.54173804
68.48057222	15.55036933
68.48531898	15.56262354
68.48676917	15.58314411
68.48640212	15.59741451
68.48642846	15.59802649
68.49160129	15.59784707
68.49490594	15.58396695
68.49784997	15.57144731
68.50159885	15.57533526
68.50776531	15.57733161
68.51351899	15.56771363
68.51729519	15.54877802
68.51768714	15.52832618
68.51782173	15.52703222
68.51681844	15.53593064
68.51393097	15.54294251
68.51026368	15.55384484
68.50765691	15.56255514
68.50446105	15.56099734
68.50109748	15.55576103
68.49306847	15.55244622
68.48706593	15.54361117
68.48167927	15.53219388
68.47506738	15.5247668
68.47123733	15.51291873
68.46870568	15.49946824
68.46417483	15.49950918
68.46031731	15.49873566
68.45679064	15.48925656
68.45256498	15.47320651
68.44892877	15.4606952
68.44117415	15.45303652
68.43415271	15.44026042
68.42837094	15.41975129
68.42370377	15.40998895
68.41856855	15.3997728
68.41923204	15.38792086
68.42436782	15.38090329
68.42689832	15.37588495
68.43098641	15.37041465
68.42928702	15.36168647
68.42562015	15.36580445
68.42084607	15.36534173
68.41425638	15.36414677
68.40911542	15.36006294
68.40645648	15.34977369
68.40242446	15.34477195
68.40100683	15.33227573
68.39878529	15.32124506
68.39914286	15.31317221
68.39781259	15.30741364
68.39781197	15.30803225
68.39362069	15.30490854
68.3895877	15.29380518
68.3860675	15.28499197
68.38287101	15.27856119
68.3791999	15.27103115
68.37697501	15.26122935
68.37136395	15.25059072
68.36958575	15.2394322
68.37198039	15.23139522
68.37128199	15.21439988
68.37225605	15.19881183
68.37287011	15.18634002
68.36950218	15.17565841
68.36592336	15.18223958
68.36794751	15.18717156
68.36695214	15.19666473
68.36756023	15.21182643
68.36694575	15.22488851
68.36262013	15.24024802
68.35792118	15.24222766
68.35191877	15.23292173
68.34567277	15.2292176
68.34198077	15.22722897
68.33925754	15.21577058
68.334252	15.20924417
68.33214182	15.20130931
68.32983778	15.18910067
68.32367215	15.18173202
68.31667109	15.17640544
68.31456091	15.16907248
68.3188398	15.16843181
68.31847246	15.15997133
68.32041916	15.15757274
68.32464622	15.16674414
68.32728264	15.15983449
68.3255558	15.13891826
68.32424973	15.12338841
68.31897526	15.12739627
68.31472632	15.12862788
68.31003124	15.12392426
68.30669478	15.1089639
68.30322232	15.09533989
68.3056977	15.07868354
68.30561092	15.06523239
68.30408245	15.05041761
68.30369067	15.04072245
68.29869737	15.05137414
68.29849957	15.06858447
68.29541396	15.08722353
68.29175312	15.08035551
68.28938983	15.06638087
68.28549694	15.06018193
68.28191526	15.04415901
68.27655317	15.03474474
68.27516787	15.02293219
68.27074752	15.01508658
68.26757946	15.00382915
68.26516153	14.99476975
68.26839087	14.98463493
68.27272192	14.97537854
68.27711519	14.9771248
68.28219168	14.97987525
68.28925044	14.98144258
68.29933566	14.9790086
68.30705652	14.97974761
68.31250367	14.96954181
68.3165801	14.97013595
68.32188618	14.97774584
68.32524924	14.98774987
68.32931009	15.00429551
68.33511386	15.01356648
68.33977695	15.02260156
68.34114355	15.03320442
68.34872355	15.04198592
68.35369667	15.05337281
68.35722965	15.06213788
68.36375487	15.06142557
68.37089059	15.06482255
68.38008415	15.07434962
68.38920447	15.08698663
68.3960611	15.10585766
68.40056282	15.11618873
68.402701	15.10818967
68.40706612	15.10934058
68.41331066	15.11916177
68.42081205	15.1311079
68.42584344	15.13820133
68.42345123	15.14629113
68.42950985	15.15008218
68.43483993	15.159552
68.43975717	15.16979338
68.44058969	15.17939717
68.44431051	15.18693404
68.44753815	15.19460092
68.45462238	15.19068361
68.46145568	15.19238518
68.46681994	15.20187423
68.4704844	15.21498082
68.4709022	15.23644241
68.4664826	15.25065129
68.46701353	15.25849184
68.47123421	15.26774374
68.47473573	15.27660301
68.47445578	15.27791431
68.47539875	15.27639713
68.47690051	15.27349847
68.47928973	15.26602
68.48239657	15.25279771
68.48634282	15.24423373
68.4907047	15.24051875
68.49384772	15.23404396
68.49515445	15.2213129
68.49828624	15.2148532
68.50228597	15.20812219
68.50651045	15.21180912
68.50745953	15.22451833
68.50593013	15.23668603
68.50825951	15.23849031
68.51081505	15.22909983
68.51317551	15.22591981
68.51687587	15.22238108
68.51818168	15.23248126
68.52079086	15.24098622
68.52381878	15.24937576
68.52040637	15.25406569
68.51201212	15.26516345
68.5067897	15.26977046
68.50076468	15.27768795
68.49979279	15.28782048
68.50084823	15.30233166
68.49912528	15.31640052
68.50159745	15.32742088
68.49937052	15.34038879
68.49821082	15.34504306
68.50198387	15.34950097
68.50395687	15.35325887
68.50595771	15.34650822
68.50565434	15.32807793
68.50378835	15.31443093
68.5041208	15.30016206
68.50648443	15.29144384
68.50781434	15.27931681
68.51200982	15.27625967
68.51612082	15.27753496
68.52076602	15.269398
68.52437296	15.26959754
68.53070495	15.26343342
68.53384312	15.24581492
68.53401294	15.22723023
68.53165423	15.20753026
68.53148365	15.19214849
68.53248633	15.17765981
68.53301682	15.16759273
68.53871177	15.16406373
68.54145662	15.1700261
68.54248372	15.17838584
68.54712627	15.18197965
68.55268425	15.18528032
68.55712455	15.19447463
68.56101119	15.20139861
68.56715537	15.20268506
68.5731229	15.19906055
68.57720574	15.19414752
68.57870724	15.1974191
68.5772642	15.20091623
68.57929525	15.21768036
68.58143105	15.2269442
68.58026503	15.24274675
68.58018398	15.26384083
68.57871401	15.28406594
68.57801559	15.30037533
68.57401245	15.30833421
68.57032433	15.31806239
68.57226679	15.3274018
68.57712627	15.32414078
68.58282386	15.31942241
68.58482365	15.31264538
68.58829047	15.2980181
68.59095734	15.29662773
68.59354605	15.30453452
68.59609785	15.32423829
68.59688009	15.33826393
68.60229088	15.34415525
68.60379494	15.35361634
68.60129609	15.36486516
68.60257262	15.37442543
68.60821715	15.38023367
68.61179154	15.38541039
68.61182918	15.38600653
68.61327079	15.38808941
68.61846642	15.39465305
68.62193442	15.40235166
68.62123832	15.40751415
68.61746345	15.41539915
68.61257125	15.43478181
68.60830042	15.43538012
68.6070753	15.43881624
68.60804416	15.44658691
68.60546563	15.45601046
68.60759789	15.46468756
68.61159954	15.45674094
68.61618167	15.44676756
68.62123682	15.43107774
68.62421627	15.42029464
68.62443905	15.42024475
68.62899601	15.42143082
68.62910032	15.43625416
68.63193889	15.45099301
68.63038235	15.46383099
68.62899586	15.48034277
68.62982553	15.50243776
68.62924188	15.51745125
68.6330243	15.52758229
68.63571337	15.53924958
68.63496344	15.55557537
68.62938316	15.56331715
68.62449696	15.55911086
68.61740528	15.55678084
68.61162865	15.5651804
68.61182684	15.57629997
68.61573846	15.57830133
68.6202148	15.57767206
68.62032607	15.58631935
68.61594119	15.59560648
68.61682697	15.60834804
68.62010288	15.61054342
68.62188458	15.59827012
68.62413035	15.58588432
68.63079949	15.57656651
68.63696869	15.57239337
68.64102028	15.56072485
68.64285656	15.54283291
68.64460175	15.51752281
68.64630016	15.49654264
68.64646921	15.49465948
68.65135149	15.48642602
68.65688381	15.47742932
68.65938165	15.46616126
68.6639664	15.45614522
68.67099331	15.45665658
68.67441503	15.46995164
68.67638443	15.46815691
68.68011017	15.45900256
68.68679675	15.4508921
68.69410261	15.44694227
68.70008053	15.43779542
68.70499489	15.43078025
68.71274777	15.42669703
68.71960824	15.4346958
68.72696858	15.43881023
68.73093698	15.447644
68.72782896	15.46101685
68.72541352	15.47475449
68.72435532	15.48875825
68.72377878	15.50326151
68.72585981	15.52259731
68.72800051	15.54378239
68.73211136	15.55697009
68.73374566	15.57707169
68.73732681	15.60038281
68.73791442	15.61579178
68.7340842	15.62247176
68.72646673	15.63019124
68.71777482	15.63882141
68.71183484	15.64980788
68.70674378	15.66426825
68.7019652	15.67616412
68.70002375	15.6841398
68.70077326	15.69263725
68.70105638	15.69443383
68.70110585	15.6953418
