70.53278743	22.28274962
70.53256254	22.28880198
70.53009359	22.29145206
70.52203196	22.28454838
70.51617546	22.28711083
70.50878022	22.28694304
70.50092212	22.28612193
70.49486205	22.29069955
70.48966976	22.30671738
70.48850282	22.32552912
70.49184282	22.34040471
70.49897384	22.35401415
70.50164657	22.36014846
70.50369898	22.35279616
70.50795202	22.35355539
70.50858935	22.36773848
70.51125846	22.37857063
70.51775444	22.38477129
70.51750738	22.39285248
70.51230915	22.4021413
70.509397	22.39935807
70.50650989	22.39592583
70.50178029	22.39378445
70.49547609	22.39966287
70.49167	22.39554536
70.48920313	22.39950097
70.48869984	22.41765468
70.48933835	22.43379843
70.49175322	22.44797613
70.49534132	22.45481087
70.49890097	22.46164812
70.50200383	22.46845422
70.50225462	22.46847946
70.50270538	22.46577965
70.50428282	22.45708869
70.50903277	22.44781849
70.51442678	22.45134029
70.52403684	22.46104272
70.53006748	22.46729121
70.52914887	22.47132935
70.52600683	22.47525686
70.52214581	22.48522082
70.51583623	22.48907466
70.50889857	22.48954164
70.5052615	22.50489485
70.50098234	22.51352626
70.49917753	22.51951142
70.50273416	22.52771105
70.50334561	22.53645285
70.49842816	22.53766056
70.49614533	22.54631444
70.49723023	22.55912922
70.5032303	22.5734456
70.51148295	22.58384222
70.51934426	22.57943648
70.52270654	22.58289983
70.52000857	22.58953811
70.51278807	22.59602012
70.50939656	22.60263209
70.51073379	22.60805869
70.51540137	22.61697871
70.5201203	22.61781489
70.52576011	22.60859135
70.52709533	22.61269685
70.53226548	22.60950623
70.53383947	22.60350997
70.53967842	22.60643081
70.54614513	22.61004273
70.55179098	22.60755411
70.55311949	22.61298433
70.54765249	22.63031927
70.54537153	22.64102012
70.54737024	22.64583098
70.55278778	22.63792962
70.55637111	22.63875513
70.55901402	22.65031634
70.55404315	22.66160368
70.55017507	22.66883809
70.55192651	22.67969654
70.55368319	22.69259501
70.55654441	22.70687055
70.5529594	22.70337748
70.5487616	22.68969905
70.54425811	22.68818702
70.54159242	22.68605338
70.54050779	22.67387165
70.53512022	22.67905523
70.52992777	22.68826742
70.52434597	22.68129929
70.51690275	22.68301952
70.51040179	22.68614112
70.50656684	22.69338998
70.50872946	22.70557273
70.51454047	22.71525368
70.52506424	22.7150015
70.53403853	22.71673304
70.54031758	22.71968382
70.54773478	22.71662323
70.55129311	22.72285696
70.55214893	22.7350446
70.54720429	22.73685554
70.54490445	22.74482125
70.54596188	22.76037309
70.54198656	22.75142411
70.53526581	22.74846542
70.52356637	22.74928278
70.51573689	22.74356986
70.51415312	22.74751522
70.51675739	22.76650102
70.52117906	22.78421144
70.52220511	22.79974594
70.51773148	22.79953768
70.51789562	22.8083024
70.52004429	22.82926646
70.5208971	22.8380871
70.52631679	22.83295061
70.5305637	22.83516435
70.53365015	22.84677709
70.5302908	22.84594535
70.52554131	22.84973237
70.52395384	22.85169507
70.52653812	22.87334559
70.53021021	22.89848743
70.53412717	22.92228373
70.53695859	22.93659232
70.539706	22.9319836
70.54529004	22.93296642
70.55225913	22.92997443
70.55859859	22.92085105
70.56293002	22.90553554
70.56192832	22.88726649
70.56264891	22.87652917
70.569181	22.87213562
70.57229698	22.87835223
70.57723425	22.87656629
70.57606835	22.88733585
70.57712807	22.90021798
70.57862965	22.91177359
70.57457051	22.91493338
70.5718747	22.91479662
70.57182057	22.92288658
70.57132316	22.93230334
70.57012638	22.94711065
70.5693773	22.96053935
70.56502058	22.97718341
70.5622411	22.99055418
70.56198598	22.99591903
70.56174079	22.9969107
70.56218118	22.99660092
70.5655122	23.0028908
70.57018464	23.00988782
70.57354808	23.01276402
70.578265	23.00965082
70.58481876	23.00463832
70.59090335	22.99820392
70.59521109	22.99239657
70.59685285	22.9809749
70.59912822	22.97638124
70.60334941	22.9799993
70.60196209	22.99208413
70.59896481	23.00341165
70.59593336	23.02014084
70.59140442	23.02795228
70.5830966	23.02885242
70.57765253	23.03732515
70.57421185	23.04993122
70.5730493	23.05999422
70.57613184	23.06491089
70.57993754	23.06582102
70.58282334	23.07138643
70.58662733	23.07362786
70.58927129	23.08393228
70.59460155	23.09036766
70.60196804	23.09687984
70.60643511	23.09712373
70.60846291	23.09727311
70.61062859	23.11092601
70.61687938	23.11336902
70.62315772	23.11442321
70.62432329	23.10836917
70.62237809	23.09607148
70.62337758	23.07920163
70.62813017	23.07340858
70.62890852	23.06059135
70.62918982	23.05046586
70.63230138	23.05605044
70.63351886	23.07440669
70.63274504	23.09129252
70.63351954	23.10961959
70.63290601	23.13329165
70.63237825	23.14478413
70.63571464	23.14971281
70.6404367	23.14733772
70.64532596	23.15573774
70.65374451	23.16919602
70.65885235	23.17832073
70.66202024	23.17512044
70.66321722	23.16231794
70.66246526	23.14397947
70.66163054	23.13374942
70.66657354	23.13404561
70.66782877	23.14702248
70.67093941	23.15129821
70.67360743	23.15417322
70.6771936	23.15709855
70.67854745	23.15450043
70.6781667	23.14359675
70.68158005	23.13569082
70.68599766	23.14748621
70.69088572	23.15254397
70.69785594	23.15095041
70.70029646	23.15655576
70.69529899	23.16371852
70.68830443	23.17003945
70.68549634	23.18817723
70.68115973	23.19810013
70.67882782	23.2128849
70.68124681	23.21644907
70.68547075	23.22350521
70.6836624	23.22676252
70.67938415	23.22853586
70.67927792	23.24141311
70.68161091	23.25987686
70.68621656	23.27310289
70.69071586	23.27547666
70.69460374	23.26352158
70.6980834	23.2481389
70.70215989	23.24230595
70.70341286	23.25526145
70.70308374	23.27088773
70.70707802	23.27592631
70.71249514	23.27222307
70.71791851	23.26649787
70.71963836	23.27613428
70.71502931	23.29213654
70.70960548	23.29719777
70.71063557	23.3087883
70.71477834	23.32609932
70.71763404	23.33380375
70.719275	23.32303309
70.72247494	23.31779401
70.72824649	23.32435867
70.73496926	23.32350441
70.74105343	23.3218876
70.74452876	23.30852878
70.74632997	23.30591815
70.74805595	23.3155808
70.75324539	23.31255529
70.75433449	23.31808586
70.74822177	23.3244501
70.74472175	23.33915604
70.73841467	23.34481947
70.736748	23.35425769
70.73122315	23.34702713
70.72936063	23.355054
70.73219627	23.36480632
70.73752562	23.37266449
70.74052726	23.38717621
70.74450206	23.3990676
70.7507539	23.40157165
70.75495087	23.40804304
70.75680384	23.40068547
70.76036208	23.40435991
70.76375384	23.40327715
70.76786096	23.39470843
70.77005969	23.400344
70.76680691	23.41506405
70.76397052	23.43122685
70.76519505	23.44427572
70.77075052	23.45083897
70.77441388	23.44294741
70.77975213	23.42222528
70.78197149	23.39579021
70.78325324	23.37677992
70.78680496	23.3818239
70.78934104	23.40112537
70.79177864	23.40470058
70.79447891	23.40494366
70.79192155	23.41701142
70.78595072	23.43294264
70.78483733	23.45810116
70.78225727	23.47357561
70.78230631	23.49063055
70.7889749	23.50070297
70.79572282	23.4951434
70.79839652	23.49944587
70.80192011	23.50724517
70.80405904	23.49306363
70.80425184	23.46918766
70.80730672	23.45440509
70.81300362	23.44459996
70.81452768	23.45019419
70.81353085	23.46173217
70.81684241	23.46746397
70.81822369	23.46279825
70.81992015	23.44652103
70.82406325	23.43797443
70.82503442	23.4277819
70.82628132	23.43675854
70.83031458	23.44254413
70.8343111	23.44628096
70.83575102	23.43546427
70.83316809	23.42088584
70.83486534	23.4032463
70.8331955	23.39080029
70.83106012	23.37559063
70.83358524	23.36825976
70.8393625	23.37554918
70.84511488	23.38485805
70.85011718	23.37634616
70.85386255	23.35676654
70.85911957	23.34552545
70.8621421	23.33137671
70.8664725	23.32210083
70.87278457	23.31775547
70.87286419	23.30883213
70.86883635	23.30511349
70.85964242	23.30653484
70.85183355	23.3004898
70.84558945	23.29594245
70.83930907	23.29549655
70.83581204	23.28362098
70.83191787	23.29223336
70.82805475	23.30015797
70.82086442	23.30032324
70.81675563	23.30889944
70.81436206	23.29918239
70.81039504	23.29207202
70.80358509	23.30182062
70.80030858	23.32070686
70.7928615	23.32563741
70.78953163	23.31923422
70.79100141	23.30228139
70.79294554	23.28537188
70.79272631	23.28465227
70.79025015	23.28583845
70.7809764	23.29543088
70.77377663	23.29765069
70.77294705	23.29010081
70.77908722	23.27756312
70.78722083	23.27131153
70.79383982	23.25539891
70.79714082	23.23516462
70.80166866	23.22725677
70.80794392	23.22632542
70.81405439	23.21784864
70.81952824	23.20659984
70.82189486	23.18968071
70.82780651	23.1784533
70.82789283	23.1675264
70.82072414	23.16432169
70.81303049	23.17472922
70.80505186	23.18993038
70.79875128	23.19497253
70.79205351	23.18839312
70.78802587	23.18881402
70.7863044	23.17846635
70.78855743	23.17657406
70.79422327	23.16667801
70.80058414	23.15687868
70.80780411	23.1484657
70.81263581	23.13237231
70.81527603	23.1058549
70.81788973	23.08417911
70.82157944	23.06595101
70.81875375	23.05347016
70.8145253	23.04571347
70.81241472	23.06332953
70.81183109	23.08449487
70.80711287	23.08421217
70.80188746	23.09345088
70.79646942	23.10130887
70.79630822	23.08971431
70.80091284	23.07017482
70.80530295	23.05266613
70.80874898	23.03989171
70.80633152	23.02954164
70.80077929	23.02307466
70.79677338	23.01668224
70.79208467	23.01232667
70.78977995	23.02036324
70.78903076	23.03603355
70.7829176	23.04182876
70.77785588	23.06333592
70.77466026	23.07337586
70.7681085	23.08184246
70.76780637	23.09476414
70.76855675	23.11390878
70.76447388	23.12317891
70.76360624	23.11632173
70.76499952	23.10823368
70.76213996	23.10123388
70.75722079	23.09890951
70.75577432	23.11242579
70.75591792	23.12537972
70.74999874	23.13660163
70.74563526	23.15333579
70.74644644	23.16701602
70.74283059	23.17018778
70.73874759	23.17603807
70.73811312	23.1705446
70.73891541	23.15496502
70.74186267	23.14831888
70.7423824	23.13543988
70.74535607	23.1260758
70.74633594	23.1186477
70.73830715	23.10929514
70.73211234	23.09667507
70.72724783	23.08685215
70.7244964	23.0921363
70.72521762	23.08333274
70.72752572	23.07664277
70.73052591	23.06188572
70.72996679	23.04278532
70.72596482	23.03713001
70.72418931	23.03294111
70.71993936	23.03336165
70.71230479	23.03496097
70.7058281	23.02779204
70.70091268	23.02752146
70.69566591	23.04009214
70.6920732	23.03854684
70.69349157	23.03113807
70.69463132	23.02443551
70.69382367	23.01149462
70.69274365	23.00260028
70.69124553	22.9929888
70.69041477	22.98139581
70.68588164	22.98523327
70.68202409	22.995887
70.67504732	23.00091171
70.6708222	22.99118443
70.66826731	22.96866384
70.66746769	22.9523152
70.66932454	22.94292107
70.67110497	22.94507421
70.67804537	22.94881072
70.68279894	22.94027368
70.68862941	22.94192351
70.69276936	22.92449287
70.69060073	22.90537788
70.69113228	22.89318011
70.69143924	22.88029558
70.69412847	22.87974038
70.69766181	22.89146832
70.70227328	22.90664975
70.70832942	22.91171447
70.71160698	22.92345052
70.7191925	22.93064897
70.72588272	22.93644087
70.73110843	22.92720181
70.72982496	22.91147351
70.72905318	22.89103257
70.72669067	22.87391144
70.72810401	22.85969565
70.72521613	22.8520702
70.72638652	22.84259163
70.73310506	22.84972221
70.73707813	22.86217786
70.74041606	22.86505607
70.74610555	22.85105367
70.75202129	22.83091527
70.75344284	22.81666115
70.74943742	22.80899407
70.74138512	22.80862486
70.7387178	22.80237094
70.7436884	22.79648374
70.74863354	22.79056763
70.74893837	22.77970157
70.75341134	22.78059696
70.76029957	22.79177065
70.76654973	22.7988978
70.77082465	22.79434071
70.77180115	22.78007124
70.76918657	22.7642458
70.76724393	22.74509249
70.76302628	22.73602071
70.76154727	22.71758304
70.75801692	22.7017533
70.75205042	22.68380689
70.74624133	22.67609463
70.74085444	22.68198262
70.73387701	22.68441766
70.72960638	22.68560396
70.72593921	22.70110264
70.72568724	22.70992828
70.72879527	22.71957577
70.73190541	22.72381649
70.73118637	22.73327762
70.72671234	22.73105514
70.72429705	22.7221159
70.72027472	22.7192208
70.71551532	22.72308658
70.71255	22.73655717
70.70899491	22.73234674
70.70793536	22.71936891
70.70318547	22.72255959
70.70335481	22.73886173
70.70729633	22.75809374
70.7079092	22.77033281
70.70366236	22.76742719
70.70237875	22.75512944
70.69852136	22.76175741
70.69332428	22.76900025
70.69163269	22.75128685
70.68877316	22.74230396
70.68446547	22.74892353
70.68146458	22.76577335
70.67668938	22.77503278
70.66860135	22.78211514
70.66046103	22.79600971
70.65832266	22.81491322
70.65852071	22.82709861
70.65429975	22.81603916
70.65190119	22.79899108
70.6515202	22.78407044
70.64801723	22.77171833
70.64960217	22.76431667
70.65391068	22.75569697
70.65687877	22.74635697
70.65377053	22.73943585
70.64793334	22.73512173
70.64282156	22.72610572
70.639292	22.71170483
70.63776651	22.70014404
70.63326795	22.7033585
70.63187989	22.71682369
70.62962494	22.71738881
70.62223376	22.71167572
70.61529328	22.71409939
70.61260164	22.71059622
70.61332086	22.70385341
70.61871043	22.69797988
70.62257161	22.69071928
70.63043045	22.68831434
70.63962311	22.68734997
70.64526343	22.68350677
70.65287434	22.68112843
70.65959581	22.68476658
70.66254697	22.67948594
70.65924125	22.67053035
70.65390747	22.65540313
70.65281871	22.6458731
70.65557161	22.62904273
70.65520819	22.6134158
70.65479229	22.6018776
70.65282303	22.59026991
70.65104177	22.58684999
70.64898976	22.59151902
70.64960256	22.60778857
70.64887386	22.62267113
70.64640515	22.61985528
70.64507516	22.61981048
70.6448475	22.61915444
70.64323982	22.60077445
70.64182037	22.58854023
70.63895949	22.57286771
70.6365471	22.56397052
70.63812119	22.55590157
70.64374067	22.56013448
70.65045979	22.56310105
70.65451503	22.55781835
70.65701811	22.54569084
70.66034898	22.5512412
70.66232236	22.56486517
70.66590861	22.57107663
70.67015429	22.57262407
70.67099403	22.58891215
70.67096097	22.60247255
70.67362609	22.60665292
70.67456735	22.59245038
70.6754578	22.59247357
70.6765166	22.6074579
70.67579733	22.62708323
70.67710179	22.63596172
70.68085092	22.64559676
70.68377149	22.64706355
70.68687878	22.65806816
70.68935375	22.65476436
70.6893545	22.65408318
70.68448863	22.63759571
70.68410238	22.62334178
70.6852098	22.62335975
70.68785082	22.63434034
70.69187405	22.64059378
70.69596147	22.62787276
70.69556835	22.61425796
70.69201761	22.60121622
70.69251739	22.59646774
70.69607365	22.59999442
70.69943257	22.60352092
70.70184969	22.61720622
70.70521386	22.61460103
70.70954698	22.59574796
70.70757482	22.58413373
70.70198746	22.57917144
70.70382556	22.56972438
70.71012685	22.56045352
70.71376452	22.54628659
70.71938367	22.54646732
70.72298929	22.53843268
70.723965	22.51737552
70.72174414	22.50983637
70.71770746	22.5131159
70.71413068	22.50619831
70.71007019	22.51351804
70.706493	22.50796687
70.70387503	22.4848054
70.7017076	22.46435118
70.70126546	22.45822433
70.69857082	22.46630028
70.6960752	22.47980064
70.69087834	22.48100291
70.68865202	22.48091464
70.68529635	22.47540145
70.68187221	22.49295057
70.68181787	22.50720026
70.67960025	22.50643683
70.6787094	22.4969106
70.67851142	22.48672245
70.67409959	22.47776366
70.67365532	22.46758632
70.67612704	22.46426042
70.67818452	22.45821856
70.67820957	22.44326452
70.68251208	22.43320823
70.68524195	22.42582353
70.68832349	22.43545033
70.69035015	22.43956193
70.69462464	22.43154337
70.69715323	22.41736442
70.69629667	22.40577145
70.69762709	22.40648398
70.70323535	22.40595976
70.71176924	22.39599063
70.71920887	22.39349677
70.72346543	22.38748747
70.72551854	22.3759631
70.7228504	22.36501101
70.71904176	22.36900188
70.71765321	22.37780895
70.71210094	22.36473322
70.70246171	22.35296379
70.69396111	22.34734161
70.68881703	22.34176533
70.68568469	22.33556707
70.68276511	22.34498355
70.67892964	22.35033315
70.67348573	22.36852973
70.67076329	22.38133815
70.66746159	22.3656722
70.66118441	22.3587102
70.65376375	22.3639495
70.64967582	22.37874907
70.64539967	22.3833887
70.63823842	22.38318639
70.63237455	22.39251587
70.63126542	22.38843526
70.63150853	22.37693687
70.63445222	22.36819403
70.63403855	22.35872656
70.63515383	22.357379
70.63695642	22.35541616
70.64170487	22.34535766
70.64578664	22.32579788
70.65054105	22.30084426
70.65595834	22.2826574
70.66006899	22.26446469
70.66342717	22.25030408
70.67039694	22.24499905
70.6753497	22.23830806
70.67740035	22.22138944
70.67990512	22.20174573
70.67992896	22.18884784
70.67656423	22.18743732
70.67362281	22.19214071
70.66956604	22.2117391
70.66484906	22.21912126
70.6603752	22.21428438
70.65406744	22.2229994
70.64845939	22.22151007
70.64350632	22.2295821
70.64084569	22.21664722
70.64154021	22.20313743
70.64311873	22.18959764
70.64317935	22.16861616
70.64317826	22.16793636
70.63423059	22.14205013
70.63334093	22.1284829
70.63559528	22.11903328
70.6382905	22.12383839
70.64345766	22.12254474
70.647041	22.12599463
70.64929215	22.11042649
70.65200989	22.09624899
70.65047981	22.07859409
70.65092447	22.06503411
70.65339629	22.05083684
70.65320555	22.03523825
70.6527633	22.01761317
70.65186945	22.0094707
70.6581783	21.9959757
70.66781768	21.98112501
70.67139536	21.97164357
70.66737237	21.95805862
70.66334482	21.95533496
70.65998136	21.93429025
70.65414884	21.92952828
70.65167126	21.94239912
70.64720236	21.93628376
70.64583975	21.92339907
70.64045616	21.92947536
70.63753547	21.94707317
70.63640031	21.96669432
70.63034118	21.96735384
70.62878078	21.97410169
70.63370382	21.9883463
70.63551112	22.00053702
70.63189706	22.01744659
70.6320918	22.03639195
70.62717923	22.03431404
70.62201249	22.03563004
70.61886821	22.02681853
70.61303973	22.01795073
70.61328292	22.00580201
70.61664891	21.99701699
70.61106659	21.98481826
70.60411659	21.97800382
70.5987316	21.98405369
70.59556503	21.99012408
70.59492415	21.97391187
70.59334375	21.97118695
70.59175885	21.97927921
70.58950949	21.99751473
70.58525565	22.00626623
70.5834515	22.01974619
70.58297966	22.0285262
70.58703491	22.02925114
70.59217655	22.03873478
70.59733739	22.04215209
70.59553544	22.05160935
70.59328385	22.06443086
70.59148225	22.07456217
70.58384057	22.07716012
70.58025815	22.08520134
70.58292443	22.10010457
70.58942419	22.10423193
70.59389454	22.10701657
70.59725495	22.11449387
70.60195395	22.13415408
70.60709029	22.15047457
70.60928461	22.16469223
70.6079535	22.16941998
70.60903718	22.18090716
70.61125867	22.20190757
70.61122847	22.22288847
70.60870103	22.24583036
70.60779278	22.25729959
70.6082079	22.27355578
70.60751169	22.29043277
70.6052351	22.29715226
70.60053931	22.29367256
70.59695772	22.29423708
70.59450652	22.28339129
70.58851208	22.2454487
70.58298395	22.21425721
70.57806415	22.20133491
70.57134107	22.2025924
70.5668415	22.19981605
70.5681762	22.21060031
70.56992345	22.226867
70.5667602	22.24366531
70.56651067	22.25646662
70.56159375	22.25030694
70.55709151	22.25157422
70.55353505	22.23600555
70.55017502	22.2291684
70.54886758	22.21498421
70.54595261	22.2027936
70.54442428	22.18392411
70.53953808	22.16564096
70.53459313	22.16488791
70.5321425	22.15272262
70.5283419	22.13651001
70.52408973	22.13104806
70.51872854	22.12354705
70.51444541	22.11407212
70.51222632	22.10664864
70.50816843	22.12407707
70.50659092	22.12744682
70.50278077	22.12335245
70.50078074	22.11255347
70.49764325	22.11655827
70.49672425	22.12798005
70.49424841	22.12592256
70.49000467	22.11781629
70.48844829	22.09960446
70.48511392	22.07739155
70.48086783	22.0793641
70.48061389	22.09750912
70.47722589	22.10149204
70.47519657	22.12230241
70.47203401	22.13973169
70.473559	22.15518473
70.47580977	22.16734241
70.47961572	22.16470465
70.48433993	22.15067881
70.48592309	22.15335115
70.48747719	22.16682554
70.48833832	22.18635786
70.48783717	22.2085406
70.48356423	22.22592083
70.4853141	22.23603249
70.48822262	22.24686617
70.49338977	22.24560974
70.49789765	22.24232737
70.50236801	22.2471526
70.50838997	22.25800602
70.51578303	22.26825269
70.52050942	22.26836502
70.52209202	22.26233554
70.52723351	22.26310974
70.5319241	22.27396142
70.53259015	22.28275147
70.53278743	22.28274962
